WOL|-34.4,150.8,463.0|2019-05-02T10:00:00Z|Cloudy|-11,17|1021,63|31
CBR|-35.2,149.1,591.0|2019-05-02T10:00:00Z|Rain|-20,67|1022,96|85
OOL|-28.0,153.4,4.0|2019-05-02T10:00:00Z|Cold|-1,24|1012,09|17
MEL|-37.8,144.9,27.0|2019-05-02T10:00:00Z|Cold|-7,13|1026,07|86
SYD|-33.8,151.2,92.0|2019-05-02T10:00:00Z|Cloudy|-13,80|1021,89|38
BNE|-27.4,153.0,49.0|2019-05-02T10:00:00Z|Sunny|-6,52|1011,95|11
CNS|-16.9,145.7,14.0|2019-05-02T10:00:00Z|Cloudy|-4,54|1008,54|76
HBA|-42.8,147.3,215.0|2019-05-02T10:00:00Z|Sunny|-5,01|1012,41|55
DRW|-12.4,130.8,31.0|2019-05-02T10:00:00Z|Sunny|-10,35|1015,00|84
ADL|-34.9,138.5,65.0|2019-05-02T10:00:00Z|Cold|-9,56|1029,76|48
PER|-31.9,115.8,16.0|2019-05-02T10:00:00Z|Sunny|-0,11|1010,64|109
